/*******************/
0 0 2023 0
/*******************/
1 0 2023 0
/*******************/
2 0 2023 0
/*******************/
3 0 2023 0
/*******************/
4 0 2023 0
/*******************/
5 0 2023 0
/*******************/
6 0 2023 0
/*******************/
7 0 2023 0
/*******************/
8 0 2023 0
/*******************/
9 0 2023 0
/*******************/
10 0 2023 0
/*******************/
11 0 2023 0
/*******************/
12 0 2023 0
/*******************/
13 0 2023 0
/*******************/
14 0 2023 0
/*******************/
15 0 2023 0
/*******************/
16 0 2023 0
/*******************/
17 0 2023 0
/*******************/
18 0 2023 0
/*******************/
19 0 2023 0
/*******************/
20 0 2023 0
/*******************/
21 0 2023 0
/*******************/
22 0 2023 0
/*******************/
23 0 2023 0
/*******************/
24 0 2023 0
/*******************/
25 0 2023 0
/*******************/
26 0 2023 0
/*******************/
27 0 2023 0
/*******************/
28 0 2023 0
/*******************/
29 0 2023 0
/*******************/
30 0 2023 0
/*******************/
0 0 2024 0
/*******************/
1 0 2024 0
/*******************/
2 0 2024 0
/*******************/
3 0 2024 0
/*******************/
4 0 2024 0
/*******************/
5 0 2024 0
/*******************/
6 0 2024 0
/*******************/
7 0 2024 0
/*******************/
8 0 2024 0
/*******************/
9 0 2024 0
/*******************/
10 0 2024 0
/*******************/
11 0 2024 0
/*******************/
12 0 2024 0
/*******************/
13 0 2024 0
/*******************/
14 0 2024 0
/*******************/
15 0 2024 0
/*******************/
16 0 2024 0
/*******************/
17 0 2024 0
/*******************/
18 0 2024 0
/*******************/
19 0 2024 0
/*******************/
20 0 2024 0
/*******************/
21 0 2024 0
/*******************/
22 0 2024 0
/*******************/
23 0 2024 0
/*******************/
24 0 2024 0
/*******************/
25 0 2024 0
/*******************/
26 0 2024 0
/*******************/
27 0 2024 0
/*******************/
28 0 2024 0
/*******************/
29 0 2024 0
/*******************/
30 0 2024 0
