/*******************/
1
2
1
-1
/*******************/
6
2
4
-1
/*******************/
9
2
6
-1
/*******************/
10
2
7
-1
/*******************/
11
2
8
-1
/*******************/
12
2
9
-1
/*******************/
13
2
10
-1
/*******************/
14
2
11
-1
/*******************/
15
2
12
-1
/*******************/
18
2
14
-1
/*******************/
21
2
16
-1
/*******************/
24
2
18
-1
/*******************/
27
2
20
-1
/*******************/
28
2
21
-1
/*******************/
31
2
23
-1
/*******************/
34
2
25
-1
/*******************/
37
2
27
-1
/*******************/
40
2
29
-1
/*******************/
43
2
31
-1
/*******************/
46
2
33
-1
