/*******************/
1
1
1
/*******************/
4
1
4
/*******************/
6
1
2
/*******************/
7
1
93859889152688
/*******************/
8
1
94516018299296
/*******************/
9
1
94508357947408
/*******************/
10
1
94704638517728
/*******************/
11
1
93936999997920
/*******************/
12
1
93899849240992
/*******************/
14
1
94579065184672
/*******************/
16
1
94488819741152
/*******************/
18
1
94518931366368
/*******************/
20
1
93824996155408
/*******************/
21
1
94131544215968
/*******************/
23
1
94654732374704
/*******************/
25
1
94356094177296
/*******************/
27
1
94738667089936
/*******************/
29
1
94464185393632
/*******************/
31
1
94395504304816
/*******************/
33
1
94882121785824
