/*******************/
1
1
1
/*******************/
5
1
4
/*******************/
8
1
6
/*******************/
9
2
6
/*******************/
2
2
1
/*******************/
1
1
2
/*******************/
3
1
93859889152688
/*******************/
5
1
94516018299296
/*******************/
7
1
94508357947408
/*******************/
9
1
94704638517728
/*******************/
11
1
93936999997920
/*******************/
13
1
93899849240992
/*******************/
16
1
94579065184672
/*******************/
19
1
94488819741152
/*******************/
22
1
94518931366368
/*******************/
25
1
93824996155408
/*******************/
27
1
94131544215968
/*******************/
30
1
94654732374704
/*******************/
33
1
94356094177296
/*******************/
36
1
94738667089936
/*******************/
39
1
94464185393632
/*******************/
42
1
94395504304816
/*******************/
45
1
94882121785824
